2
-99
3
-1
1
-1
-99
3
-99
-1
1
-1
-99
3
-99
-1
1
-1
-99
3
-99
-1
1
-1
-99
3
-99
-1
1
-1
9
9
9
9
9
-99
3
-99
-1
1
-1
-99
3
-99
-1
1
-1
9
9
9
9
9
-99
3
-99
-1
1
-1
-99
3
-99
-1
1
-1
-99
3
-99
-1
1
-1
9
9
9
9
9
-99
3
-99
-1
1
-1
-99
3
-99
-1
1
-1
-99
3
-99
-1
1
-1
-99
3
-99
-1
1
-1
-99
3
-99
-1
1
-1
-99
3
-99
-1
1
-1
-99
3
-99
-1
1
-1
-99
3
-99
-1
1
-1
-99
3
-99
-1
1
-1
-99
3
-99
-1
1
-1
-99
3
-99
-1
1
-1
-99
3
-99
-1
1
-1
9
9
9
9
-99
3
-99
-1
1
-1
-99
3
-99
-1
1
-1
9
9
9
9
9
-99
3
-99
-1
1
-1
-99
3
-99
-1
1
-1
-99
3
-99
-1
1
-1
-99
3
-99
-1
1
-1
-99
3
-99
-1
1
-1
-99
3
-99
-1
1
-1
9
9
9
9
9
-99
3
9