900
30600
91800
93600
95400
95520
109920
111720
167520
169320
171120
171240
195540
197340
253140
254940
256740
256860
361260
363060
438660
440460
442260
442380
456780
458580
541260
543060
544860
544980
546660
548460
552060
555660
559260
629580
631380
697860
699660
701460
701580
715980
717780
784260
786060
787860
787980
789660
791460
795060
798660
802260
802380
804180
870660
872460
874260
874380
888780
890580
957060
958860
960660
960780
975180
976980
1043460
1045260
1047060
1047180
1048860
1050660
1054260
1057860
1061460
1061580
1063380
1146060
1147860
1149660
1149780
1234380
1236180
1302660
1304460
1306260
1306380
1320780
1322580
1389060
1390860
1392660
1392780
1407180
1408980
1475460
1477260
1479060
1479180
1493580
1495380
1561860
1563660
1565460
1565580
1579980
1581780
1648260
1650060
1651860
1651980
1666380
1668180
1750860
1752660
1754460
1754580
1839180
1840980
1907460
1909260
1911060
1911180
1925580
1927380
1993860
1995660
1997460
1997580
2011980
2013780
2080260
2082060
2083860
2083980
2098380
2100180
2166660
2168460
2170260
2170380
2184780
2186580
2253060
2254860
2256660
2256780
2258460
2260260
2263860
2271060
2271180
2272980
2355660
2357460
2359260
2359380
2443980
2445780
2512260
2514060
2515860
2515980
2517660
2519460
2523060
2526660
2530260
2530380
2532180
2598660
2600460
2602260
2602380
2616780
2618580
2685060
2686860
2688660
2688780
2703180
2704980
2771460
2773260
2775060
2775180
2789580
2791380
2857860
2859660
2861460
2861580
2875980
2877780
2960460
2962260
2964060
2964180
3048780
3050580
3117060
3118860
3120660
3120780
3122460
3124260
3127860
3131460
3135060
3135180
3136980
3203460
