0.25
8.5
25.5
26
26.5
26.53333333
30.53333333
31.03333333
46.53333333
47.03333333
47.53333333
47.56666667
54.31666667
54.81666667
70.31666667
70.81666667
71.31666667
71.35
100.35
100.85
121.85
122.35
122.85
122.8833333
126.8833333
127.3833333
150.35
150.85
151.35
151.3833333
151.85
152.35
153.35
154.35
155.35
174.8833333
175.3833333
193.85
194.35
194.85
194.8833333
198.8833333
199.3833333
217.85
218.35
218.85
218.8833333
219.35
219.85
220.85
221.85
222.85
222.8833333
223.3833333
241.85
242.35
242.85
242.8833333
246.8833333
247.3833333
265.85
266.35
266.85
266.8833333
270.8833333
271.3833333
289.85
290.35
290.85
290.8833333
291.35
291.85
292.85
293.85
294.85
294.8833333
295.3833333
318.35
318.85
319.35
319.3833333
342.8833333
343.3833333
361.85
362.35
362.85
362.8833333
366.8833333
367.3833333
385.85
386.35
386.85
386.8833333
390.8833333
391.3833333
409.85
410.35
410.85
410.8833333
414.8833333
415.3833333
433.85
434.35
434.85
434.8833333
438.8833333
439.3833333
457.85
458.35
458.85
458.8833333
462.8833333
463.3833333
486.35
486.85
487.35
487.3833333
510.8833333
511.3833333
529.85
530.35
530.85
530.8833333
534.8833333
535.3833333
553.85
554.35
554.85
554.8833333
558.8833333
559.3833333
577.85
578.35
578.85
578.8833333
582.8833333
583.3833333
601.85
602.35
602.85
602.8833333
606.8833333
607.3833333
625.85
626.35
626.85
626.8833333
627.35
627.85
628.85
630.85
630.8833333
631.3833333
654.35
654.85
655.35
655.3833333
678.8833333
679.3833333
697.85
698.35
698.85
698.8833333
699.35
699.85
700.85
701.85
702.85
702.8833333
703.3833333
721.85
722.35
722.85
722.8833333
726.8833333
727.3833333
745.85
746.35
746.85
746.8833333
750.8833333
751.3833333
769.85
770.35
770.85
770.8833333
774.8833333
775.3833333
793.85
794.35
794.85
794.8833333
798.8833333
799.3833333
822.35
822.85
823.35
823.3833333
846.8833333
847.3833333
865.85
866.35
866.85
866.8833333
867.35
867.85
868.85
869.85
870.85
870.8833333
871.3833333
889.85