   .500000
   .923519
   .852252
   .785023
   .722230
   .663705
   .608617
   .557037
   .508759
   .463592
   .421353
   .381869
   .344980
   .310531
   .278378
   .248386
   .220424
   .194373
   .170116
   .147251
   .126274
   .106786
   .088697
   .071921
   .056377
   .041989
   .028686
   .016400
   .005067
  -.005372
  -.014974
  -.023792
  -.031877
  -.039275
  -.046031
  -.052187
  -.057781
  -.062852
  -.067434
  -.071559
  -.075258
  -.078561
  -.081495
  -.084084
  -.086354
  -.088326
  -.090023
  -.091463
  -.092665
  -.093647
  -.094426
  -.095017
  -.095433
  -.095690
  -.095799
  -.095772
  -.095620
  -.095355
  -.094985
  -.094519
  -.093966
  -.093335
  -.092632
  -.091864
  -.091038
  -.090160
  -.089235
  -.088268
  -.087265
  -.086230
  -.085167
  -.084080
  -.082973
  -.081848
  -.080709
  -.079559
  -.078401
  -.077236
  -.076068
  -.075116
  -.073939
  -.072763
  -.071592
  -.070425
  -.069265
  -.068113
  -.066969
  -.065835
  -.064712
  -.063600
  -.062500
  -.061412
  -.060338
  -.059278
  -.058231
  -.057200
  -.056183
  -.055181
  -.054194
  -.053223
  -.052413
  -.051474
  -.050550
  -.049642
  -.048750
  -.047874
  -.047014
  -.046169
  -.045340
  -.044526
  -.043728
  -.042945
  -.042177
  -.041425
  -.040687
  -.039963
  -.039254
  -.038560
  -.037879
  -.037212
  -.036559
  -.035919
  -.035293
  -.034679
  -.034079
  -.033490
  -.032914
  -.032351
  -.031799
  -.031258
  -.030729
  -.030212
  -.029705
  -.029209
  -.028724
  -.028249
  -.027784
  -.027329
  -.026883
  -.026447
  -.026021
  -.025603
  -.025194
  -.024794
  -.024403
  -.024020
  -.023645
  -.023277
  -.022918
  -.022566
  -.022222
  -.021885
  -.021555
  -.021231
  -.020915
  -.020605
  -.020302
  -.020004
  -.019713
  -.019429
  -.019149
  -.018876
  -.018608
  -.018346
  -.018089
  -.017837
  -.017590
  -.017348
  -.017111
  -.016879
  -.016652
  -.016429
  -.016210
  -.015995
  -.015785
  -.015579
  -.015377
  -.015179
  -.014985
  -.014794
  -.014607
  -.014424
  -.014244
  -.014067
  -.013894
  -.013724
  -.013557
  -.013393
  -.013232
  -.013075
  -.012920
  -.012768
  -.012618
  -.012472
  -.012328
  -.012186
  -.012047
  -.011911
  -.011776
  -.011645
  -.011515
  -.011388
  -.011263
  -.011140
  -.011019
  -.010900
  -.010784
  -.010669
  -.010556
  -.010445
  -.010336
  -.010228
  -.010123
  -.010019
  -.009917
  -.009816
  -.009717
  -.009620
  -.009524
  -.009430
  -.009337
  -.009245
  -.009155
  -.009067
  -.008979
  -.008894
  -.008809
  -.008726
  -.008644
  -.008563
  -.008483
  -.008405
  -.008327
  -.008251
  -.008176
  -.008102
  -.008029
  -.007957
  -.007887
  -.007817
  -.007748
  -.007680
  -.007613
  -.007547
  -.007482
  -.007418
  -.007355
  -.007292
  -.007231
  -.007170
  -.007110
  -.007051
  -.006993
  -.006935
  -.006878
  -.006822
