   .500000
   .998259
   .993078
   .984446
   .972474
   .957296
   .938903
   .917467
   .893135
   .866068
   .836446
   .804463
   .770326
   .734252
   .696470
   .657210
   .616712
   .575216
   .532961
   .489819
   .446743
   .403613
   .360650
   .318067
   .276066
   .234837
   .194558
   .155393
   .117490
   .080982
   .045987
   .012607
  -.019072
  -.048981
  -.077066
  -.103288
  -.127622
  -.150059
  -.170602
  -.189267
  -.206081
  -.221082
  -.234317
  -.245843
  -.255723
  -.264028
  -.270831
  -.276214
  -.280258
  -.283050
  -.284677
  -.285225
  -.284782
  -.283436
  -.281270
  -.278369
  -.274813
  -.270679
  -.266041
  -.260971
  -.255535
  -.249794
  -.243809
  -.237633
  -.231316
  -.224904
  -.218437
  -.211955
  -.205489
  -.199071
  -.192726
  -.186476
  -.180342
  -.174340
  -.168484
  -.162784
  -.157250
  -.151888
  -.146703
  -.141805
  -.136969
  -.132316
  -.127843
  -.123550
  -.119433
  -.115489
  -.111712
  -.108099
  -.104643
  -.101339
  -.098182
  -.095166
  -.092284
  -.089532
  -.086902
  -.084390
  -.081989
  -.079695
  -.077501
  -.075402
  -.073394
  -.071472
  -.069632
  -.067868
  -.066177
  -.064556
  -.062999
  -.061504
  -.060068
  -.058687
  -.057358
  -.056079
  -.054847
  -.053659
  -.052514
  -.051409
  -.050342
  -.049311
  -.048315
  -.047351
  -.046419
  -.045517
  -.044643
  -.043796
  -.042975
  -.042179
  -.041406
  -.040656
  -.039928
  -.039220
  -.038533
  -.037864
  -.037214
  -.036582
  -.035967
  -.035367
  -.034784
  -.034216
  -.033662
  -.033122
  -.032596
  -.032083
  -.031582
  -.031094
  -.030618
  -.030152
  -.029698
  -.029254
  -.028821
  -.028398
  -.027984
  -.027580
  -.027184
  -.026797
  -.026419
  -.026049
  -.025687
  -.025333
  -.024987
  -.024647
  -.024315
  -.023990
  -.023671
  -.023359
  -.023053
  -.022753
  -.022459
  -.022171
  -.021889
  -.021612
  -.021341
  -.021075
  -.020813
  -.020557
  -.020306
  -.020059
  -.019817
  -.019579
  -.019346
  -.019117
  -.018892
  -.018671
  -.018454
  -.018241
  -.018032
  -.017826
  -.017624
  -.017426
  -.017230
  -.017038
  -.016850
  -.016664
  -.016482
  -.016303
  -.016126
  -.015953
  -.015782
  -.015614
  -.015449
  -.015287
  -.015127
  -.014970
  -.014815
  -.014662
  -.014512
  -.014365
  -.014219
  -.014076
  -.013935
  -.013796
  -.013659
  -.013524
  -.013392
  -.013261
  -.013132
  -.013005
  -.012880
  -.012757
  -.012636
  -.012516
  -.012398
  -.012282
  -.012167
  -.012054
  -.011943
  -.011833
  -.011724
  -.011617
  -.011512
  -.011408
  -.011306
  -.011205
  -.011105
  -.011006
  -.010909
  -.010813
  -.010719
  -.010626
  -.010534
  -.010443
  -.010353
  -.010265
  -.010177
  -.010091
  -.010006
  -.009922
  -.009839
  -.009757
  -.009676
  -.009596
  -.009517
  -.009439
  -.009362
  -.009286
  -.009211
  -.009137
