22531887.03
53198.52
115975848.14
91.85
546569680.03
5968.54
694864566.4
241355.28
2640.6
706595.68
359039233.93
616948146.61
3164393.49
473.52
512.49
286381742.18
63914327.91
2930.02
149840.39
16012683.55
5244.71
377778.77
3285.98
7365.03
9047632.58
6352.79
811034619.39
30332400.22
86153235.37
3412.19
89993.12
324137.36
702991124.38
772.03
51046.05
982746654.4
4147121.08
403702536.44
645282101.26
7262791.63
8687252.85
56800.98
328525.73
678544072.63
608686945.09
4511.71
57526.68
865.12
892972968.29
90346.27
6700.83
870.09
604146.78
477322516.22
598367808.49
146999
2319.11
7515.87
1623508.74
8811402.29
64446.73
914289087.87
60369.65
649023.11
8212.9
120918.7
707.51
9436415.98
3363461.14
2512310.77
9513.61
807008
5982.75
2980.34
28848278.63
7664.84
16130206.05
37522311.31
217083687.96
2953.34
4361.57
510.79
6356.43
80772.35
82956.02
18651.92
9384.35
8308.12
107654325.79
950.09
520230.41
7808.51
59773.96
59295788.06
81678.62
65989.86
428381125.77
658050883.13
59563.84
763363730.91
923358292.9
15996.44
477546359.91
80923829.65
695065852.78
564600.54
34282.48
949.82
3759011.84
856856505.44
8086903.16
63449.42
673563726.23
6482.59
868.77
75132.25
37905228.51
5073056.12
3700455.37
7166212.29
188.22
159493971.78
34729.81
585246.17
28083.85
82332.43
146299737.03
136476896.61
4634.56
70508.87
415.52
8680842.46
29471879.31
5058.43
610916297.11
21400455.09
25540.97
3962.59
803286.92
7889.81
8828.03
839536366.08
582292440.22
884052231.27
60988260.67
48625575.99
3055.52
251443714.18
97896.11
459313421.89
4732954.47
64772615.33
4647.67
1684.28
802599774.5
75313634.52
937889.71
14.54
154498.13
339085594.27
71803.41
374562091.65
11739.73
2601.72
992952801.08
8945.84
22560972.81
629980.05
766.43
947592.73
226888183.86
262066776.46
5477.81
71474038.08
73632176.73
660.48
7273.07
750309273.25
466360.66
23831527.18
238066080.14
14389.13
7490.51
688470.81
4334867.41
88765.01
99790.33
3992.12
13274.55
1759.46
24619.39
82.96
434.11
379910312.12
389009138.68
87772.2
102022031.96
33603900.49
5561893.25
211.39
8950891.22
803866730.1
21812.85
69.03
6400.18
924.59
57927844.51
830.25
3076953.84
7901.17
6750.44
4553.98
7003.3
2264.95
91901744.79
558629.71
81714.96
4236.12
979826.82
3084.52
126510.58
2645.21
99715.47
823917.7
935512.33
86390.15
39371435.89
1219.28
414669063.63
90553.14
7720654.67
96266.85
15882.24
98544.52
540225961.88
367712710.42
91837.11
4433715.4
90843.68
878.95
570346272.57
8428055.12
1706.92
897926123.86
90396393.07
4664.71
6705.57
109119102.03
420686963.83
43965.39
29257.54
242380542.41
16234.6
389383960.02
4989.11
366.93
4608198.16
91982460
223220226.21
60181844.8
176510136.14
12.89
33820.65
99679339.39
71856.41
5141707.54
65895.81
49.52
7491.93
23828.49
4393807.47
320348056.5
7660.6
303.39
233591416.36
714847686.67
25493741.1
11206.93
3146473.7
300.93
225357.33
51768449.24
3330.34
536107.93
16170250.26
424224681.45
483394.86
83949.42
33346168.46
5844998.07
51051.22
206.6
7005.96
972385769.87
853723511.99
34433.37
72178537.41
78195273.8
5636012.89
73984424.34
12250.29
481958.35
57776.84
419.89
2614.74
401.21
797676650.56
442987683.84
45617193.14
629.26
3714.77
876690032.47
296837936.5
452272901.11
2723621.4
42392052.76
82053.57
3086625.26
634.19
100685.03
510136032.33
68591952.41
2772453.63
476790878.29
67837.28
3568.62
39205.65
621.69
351509052.42
4840749.54
66133300.03
8735.71
996363.89
588843.87
82384920.6
62001116.63
983006.08
9957003.16
871816.47
185.22
76364145.42
813350.24
1576489.69
1310.92
1007.36
7286435.08
585.69
87507.93
670997525.34
2893.87
89642372.95
1169.67
84123117.28
4.58
114.96
676.56
6098.2
978968.61
139354721.24
26401.62
7819.15
1314.27
25394.32
241143035.05
242180.15
79185.92
5323.68
918208915.22
51.08
3331102.16
697321996.44
4065509.5
1732085.4
885018579.13
13630.42
4429.76
600.21
8354.11
584657533.68
53899058.55
38470737.98
2266.64
698.22
179306591.26
8150.22
22311.18
4048231.82
94127.42
21212.79
3554387.06
199468063.04
5650.95
700536848.34
4866.36
974.99
97551.48
4105.29
7956861.68
845.7
172540.37
80870818.83
497036.14
78156.87
7597523.23
48251.27
26963.29
7097.99
3765.48
79842151.4
11077.68
53362520.04
233.38
51172503.31
55928.26
357477962.64
8398.53
10199.44
6193645.46
890859.95
9928.24
3422908.52
84711.99
960378792.18
577819.85
127846666.36
69574352.18
11648.33
21829.64
6540.85
16359.04
9782946.01
18651009.69
284834576.18
52479.88
52410.92
870181.45
3831668.17
412578743.91
705.93
103915498.57
6815.58
5625.97
913794981.95
9.9
292377529.23
50251.58
33053803.43
6227091.67
7317.04
6500.38
4015946.91
1586.56
77526071.38
8530882.09
5135.41
3117.73
9225.27
139.74
532186533.38
3876.12
394152159.78
737569097.39
58286387.81
3916.96
296.26
895699712.73
160014759.41
5651.43
279353995.63
643343956.34
723
28998.22
74081.31
8787.94
1707.12
4449832.54
374629099.53
700.55
93907699.21
1264.57
2812.93
60694.12
662135904.12
260666.31
891459778.22
45637.53
714456.04
914319052.49
9270.28
8753.42
851.61
34718108.05
754162760.8
135.42
7737.01
17032.07
57940.14
3857206.42
21620.5
5672.78
36.77
7368.49
5624
7096.08
774931359.44
4036.11
3557.62
8803.96
5851693.66
8500.83
938988574.53
115487733.59
6467.96
423821.65
728884.9
9115.17
61418064.18
552.94
866837.66
863147.46
79829.35
2832.27
6871234.51
58752.15
9328.69
7902508.53
64922.22
86056.83
534.95
3503.71
5141568.61
678402848.72
5626.21
771077.6
50615137.8
2127.64
751676926.71
2984.41
597139.61
47853936.37
5575090.25
688526426.13
31853.96
62471592.21
9706.79
689806.86
987707816.38
412.97
4579266.79
479779918.04
37991360.43
497369064.14
871959.31
161820.95
89758932.3
60598548.99
936312.47
593590.51
3754.82
264.43
2850.23
653.43
60154.14
93047682.44
726167131.03
126064.94
6086.08
921.75
633280084.35
245315452.68
5015.12
6559.6
67590893.82
33593121.08
997990790.81
39557.61
3843250.94
189.19
4398.58
22191948.73
56080.23
51565089.01
35407.87
31832.54
16427.95
7564802.17
34352.53
6647325.43
54008250.68
294079117.35
941538.85
1792.91
8528.78
2857
5038671.35
9397906.82
8210401.94
927712820.43
3707.56
110528530.29
200426.11
7074.68
8704.89
9992.93
2266237.77
2460.7
4063.53
603870144.7
920.89
16653777.11
2685.43
74959986.11
73501.12
652164367.31
3660787.65
79619.07
6031.48
719937.18
76346.5
151.16
138199835.53
933.35
82829.07
25982.32
52430889.35
5097952.42
84501.13
2478.29
1016.84
81282.7
4861.58
23.95
750.38
9887419.48
678.88
32451.14
7817299.18
2242.41
909535554.85
8748745.06
439.52
7498.28
935.18
536979.64
67683.59
575.83
610623.71
6419.06
893.01
3209.21
26787.22
45.54
15.57
561.29
24269.85
417771.92
6847002.71
42088.99
3882.21
5876892.55
59573.68
8561.79
87595.5
7391258.06
88126.27
24766910.39
11979.21
6640.44
6683.8
666.05
97213211.51
96169761.32
649238.33
2814264.68
23554119.97
9910301.92
7176466.51
286.68
61863.99
984966476.52
811192.89
1344.21
787.05
857661.46
473835756.5
9038.91
68325.38
163399.21
8906.89
37249.58
7503.76
420532.58
94705923.38
699180060.27
4681.64
4369.64
312187279.65
18302.84
544219.08
60482.45
2649.89
50538.59
5082527.77
8981439.23
863371.27
48179927.74
64950.15
5.78
43882077.42
5952971.14
28257108.3
582850962.31
2381.35
54.35
20046.77
140456017.85
214287729.26
6568068.14
3409111.06
380525953.15
946.73
210095250.82
562489619.73
972616721.1
5456.08
794344.37
4907.75
79771.73
33664.21
891654583.83
411099507.18
381381045.1
2868.42
7202.96
292.33
4448.7
119560605.7
96492814.48
964.48
28442.12
727717307.62
386.78
94581469.43
1687.97
9673.13
8891.2
597.82
445.39
18819.35
15982.87
11965.55
150.07
726663.69
5492571.28
933449067.18
94177.78
20899.65
36643.93
18289.51
95962.85
720064.76
5096083.7
4625.96
722560681.18
682936330.66
908.29
177.88
324252498.36
78.77
7646.36
8435733.48
96875090.4
7482.14
2805741.91
6682.37
64506.27
5055.11
453.18
975459.67
80479771.45
55853.06
23661.21
3859.53
9417.75
820.49
846106.71
2871.53
3564.14
59755.63
967.04
48589046.99
2256.39
161249832.73
708.95
83765.57
7339.39
8634411.24
402.45
83234.75
8401.01
478469392.81
356827158.22
613511546.41
645.95
231840275.13
862.77
9603.22
837.24
150267853.96
15757175.89
8132191.69
1006.01
9099.1
449967265.22
853.76
844799093.59
46131261.93
806.29
90519.73
6335.56
801079.33
7128369.72
43530124.95
16446.06
520.67
569117840.53
22576.45
890.91
8486347.98
4003.2
795736239.92
230403.79
67627.42
48989.33
1274.74
133581235.55
37.1
304456636.96
68582.79
78001.06
840204386.85
661468.48
50622832.07
74811.95
43.7
27789.83
557755.54
84586.63
9844.12
90696985.27
297914841.19
8390.44
81659.99
2670.14
98323.51
5682825.66
444.67
471163275.96
10702.57
289704293.65
98.15
62065.49
69095647.44
414191791.57
54498.82
538624523.18
471168.11
5920799.92
71292.14
27314719.9
60918.97
594025.99
1466.38
4993.04
257.94
454307867.08
73924.87
3441806.48
3687.71
1763767.99
137406.75
2688.9
486.43
5340052.75
446.04
664684146.94
2921235.41
3494602.72
9227400.9
13306184.98
2165.37
6541103.05
7473333.47
78749.81
5017000.61
2277.29
721676031.99
14907.73
59124.21
1965.14
630739.63
9260649.18
984.13
15284.01
694614.22
16163.07
9325498.09
243492479.1
3132.56
5285020.8
70675917.09
626427872.31
8042250.69
26651190.52
186680684.06
2123610.74
542534631.46
9368.47
607.45
34248.36
80056.45
53377.82
329.4
266914905.93
567636097.63
35333.02
9864.22
50711459.62
522541.75
853398985.43
365.76
60536.37
55522020.61
32829183.9
89229.38
660119.83
621309.97
7278.47
373778789.93
754727014.52
93.27
821744811.01
981917.84
62144549.96
62464.53
8573.9
378.7
71828619.99
5965296.37
22216.15
5569.35
507281.82
548216.97
99064296.75
36581.75
1914.6
774942.77
11727.96
93801.22
83413.51
3652.39
172058179.99
579040.89
981404580
631783116.88
81250.27
7282.83
243.85
369195432.74
904231.76
59.37
425995017.01
46777.77
310.21
335577137.97
222.3
754.1
929793.66
27996.3
63289353.47
733.81
28.64
578453.29
15111.77
8149.39
4565.04
7546.37
7428.16
29070
159368622.59
50754.67
19928.39
41374.58
3677.55
45105216.39
719.46
28386.82
29565.22
870845072.31
984103.56
